 91.9421
0.313615
 61.5777
  -0.656814
  -0.273649
0.000982974

{
   "Homogeneous" : [
      [
         -0.13295438498181095,
         0.95362098745602086,
         -0.27005581607792145,
         2.8969691910828117
      ],
      [
         -0.32381140487435767,
         -0.29931669209963474,
         -0.89752754381346267,
         -3.2812949234910067
      ],
      [
         -0.93673331615108224,
         -0.031883069393271346,
         0.34858881837870337,
         5.8027157714030633
      ]
   ],
   "rpy" : [ 68.774433506434079, -15.667588259074092, -97.937047300580502 ],
   "translation" : [ 2.8969691910828117, -3.2812949234910067, 5.8027157714030633 ]
}




   "Homogeneous" : [
      [
         0.074965270837144826,
         -0.98268206788284629,
         -0.16945843628986668,
         -0.16853069822310585
      ],
      [
         0.044171136196166805,
         0.17304215991867361,
         -0.98392343280248185,
         0.92345786287130049
      ],
      [
         0.99620736741677096,
         0.066274914954102093,
         0.056378335842531879,
         -1.595390972404553
      ]
   ],
   "rpy" : [ 86.7205655160584, -9.7563329004351242, 85.637561099520951 ],
   "translation" : [ -0.16853069822310585, 0.92345786287130049, -1.595390972404553 ]




111.637
 47.068
57.0199
-0.742296
 0.792012
 -1.35448



104.135
48.8209
60.7098
-0.658966
 0.577782
  -1.4179
